structure(list(epiDegree = structure(c(0, 0, 2, 0, 0, 1, 0, 3, 
1, 2, 0, 0, 1, 1, 3, 2, 3, 0, 1, 1, 0, 0, 0, 0, 0, 0, 0, 0, 0, 
0, 1, 0, 0, 0, 0, 0, 1, 1, 2, 0, 1, 0, 0, 0, 1, 1, 0, 1, 0, 0, 
1, 1, 0, 0, 1, 0, 0, 5, 0, 0, 0, 0, 1, 1, 1, 0, 0, 0, 1, 4, 1, 
0, 0, 1, 0, 0, 0, 0, 0, 0, 0, 0, 0, 0, 1, 1, 1, 0, 3, 0, 1, 0, 
0, 1, 1, 2, 0, 0, 0, 0, 0, 0, 1, 0, 2, 0, 1, 0, 1, 2, 5, 0, 1, 
0, 1, 0, 0, 1, 0, 3, 1, 0, 0, 1, 2, 1, 1, 0, 3, 1, 0, 0, 1, 0, 
3, 2, 0, 1, 2, 0, 1, 0, 1, 1, 0, 1, 1, 0, 0, 0, 0, 1, 0, 1, 2, 
1, 0, 0, 0, 0, 0, 0, 0, 1, 0, 0, 0, 1, 0, 3, 1, 0, 0, 0, 0, 1, 
0, 0, 0, 0, 0, 1, 0, 0, 0, 0, 2, 0, 1, 1, 1, 0, 0, 1, 0, 1, 0, 
1, 1, 0, 0, 0, 0, 1, 0, 0, 0, 1, 1, 0, 1, 0, 1, 0, 1, 1, 1, 0, 
4, 0, 1, 1, 0, 0, 0, 0, 0, 0, 1, 0, 0, 0, 0, 0, 0, 0, 3, 0, 0, 
0, 1, 1, 0, 1, 0, 0, 0, 3, 0, 0, 0, 1, 0, 0, 1, 0, 1, 3, 0, 2, 
0, 1, 1, 1, 0, 1, 0, 0, 0, 1, 0, 0, 0, 0, 1, 0, 1, 1, 0, 0, 0, 
1, 0, 1, 0, 1, 0, 0, 0, 0, 1, 3, 11, 1, 1, 0, 0, 1, 0, 1, 0, 
1, 1, 1, 1, 0, 0, 0, 1, 0, 0, 0, 0, 0, 0, 2, 1, 0, 0, 0, 1, 0, 
1, 0, 1, 0, 0, 2, 0, 1, 0, 0, 1, 0, 0, 10, 0, 0, 1, 0, 0, 0, 
0, 0, 0, 6, 2, 1, 1, 0, 0, 0, 0, 0, 0, 1, 1, 1, 1, 0, 0, 0, 0, 
0, 0, 0, 0, 1, 0, 0, 0, 1, 1, 1, 0, 1, 0, 0, 0, 0, 0, 1, 0, 1, 
1, 1, 7, 0, 0, 0, 1, 0, 0, 0, 1, 1, 0, 1, 1, 0, 0, 0, 1, 0, 1, 
0, 1, 0, 0, 0, 0, 0, 0, 1, 0, 1, 3, 0, 0, 0, 1, 1, 1, 0, 1, 1, 
1, 4, 0, 0, 0, 1, 0, 0, 1, 0, 1, 0, 1, 0, 0, 0, 1, 2, 1, 0, 0, 
0, 1, 1, 0, 0, 1, 0, 0, 1, 4, 0, 0, 0, 0, 0, 1, 1, 0, 0, 1, 0, 
0, 0, 0, 0, 0, 0, 0, 0, 1, 0, 1, 0, 0, 0, 0, 0, 0, 2, 0, 1, 0, 
0, 0, 0, 0, 0, 1, 1, 0, 0, 1, 1, 0, 0, 0, 1, 1, 0, 0, 0, 0, 1, 
0, 0, 2, 1, 0, 0, 0, 0, 0, 5, 0, 1, 0, 0, 0, 1, 0, 0, 1, 0, 1, 
0, 0, 0, 0, 0, 0, 0, 0, 0, 3, 0, 2, 0, 0, 0, 0, 0, 1, 0, 0, 2, 
0, 1, 1, 0, 0, 0, 1, 0, 0, 1, 0, 0, 0, 0, 0, 0, 2, 1, 0, 1, 0, 
0, 1, 0, 0, 0, 0, 0, 0, 0, 0, 0, 1, 0, 1, 1, 0, 1, 0, 0, 0, 0, 
0, 0, 1, 0, 1, 1, 1, 0, 0, 0, 1, 0, 1, 0, 0, 0, 1, 0, 0, 0, 1, 
0, 0, 0, 1, 1, 0, 0, 1, 1, 1, 0, 1, 0, 0, 0, 1, 0, 0, 1, 2, 2, 
0, 0, 1, 0, 0, 0, 0, 0, 5, 0, 0, 0, 0, 0, 0, 0, 0, 8, 0, 0, 0, 
0, 0, 0, 0, 0, 0, 1, 0, 1, 0, 1, 1, 0, 0, 0, 1, 0, 0, 0, 0, 0, 
0, 0, 2, 0, 0, 0, 0, 1, 0, 1, 0, 0, 0, 0, 0, 1, 0, 0, 3, 0, 0, 
0, 0, 1, 0, 1, 0, 1, 1, 1, 0, 0, 0, 1, 0, 1, 0, 0, 1, 1, 1, 1, 
0, 0, 0, 0, 0, 1, 0, 0, 0, 0, 0, 0, 0, 1, 0, 0, 0, 0, 0, 1, 0, 
0, 0, 1, 0, 0, 0, 1, 1, 1, 0, 0, 0, 0, 1, 1, 0, 0, 0, 4, 1, 0, 
0, 0, 1, 1, 0, 1, 1, 0, 1, 0, 2, 0, 0, 0, 0, 0, 0, 1, 0, 0, 0, 
0, 2, 0, 0, 0, 0, 0, 0, 1, 0, 0, 0, 0, 0, 0, 0, 1, 0, 0, 0, 0, 
0, 0, 0, 0, 0, 0, 1, 0, 0, 0, 0, 0, 0, 0, 0, 1, 0, 1, 0, 1, 0, 
0, 0, 1, 1, 1, 0, 0, 0, 1, 1, 0, 0, 1, 0, 0, 0, 2, 3, 0, 1, 0, 
0, 0, 0, 0, 0, 1, 0, 1, 0, 0, 0, 0, 0, 1, 0, 1, 0, 1, 0, 0, 1, 
0, 0, 0, 1, 0, 0, 0, 0, 0, 3, 1, 0, 0, 0, 0, 0, 0, 1, 0, 0, 0, 
0, 1, 0, 0, 0, 1, 0, 0, 1, 0, 1, 0, 2, 4, 1, 1, 0, 0, 1, 0, 1, 
0, 0, 0, 0, 0, 1, 0, 0, 0, 0, 0, 0, 0, 0, 0, 0, 1, 0, 0, 2, 0, 
1, 0, 0, 1, 1, 0, 0, 0, 0, 2, 1, 1, 0, 0, 0, 0, 0, 0, 0, 0, 1, 
1, 1, 0, 0, 0, 0, 0, 1, 0, 0, 0, 1, 1, 1, 0, 1, 1, 0, 0, 0, 0, 
0, 2, 1, 1, 0, 0), .Names = c("4605", "10525", "55620", "23011", 
"890", "642", "3122", "6944", "6347", "6908", "1153", "843", 
"1906", "3930", "11065", "1070", "10969", "3988", "5925", "6622", 
"6676", "2109", "902", "178", "4791", "23013", "9143", "9797", 
"5867", "9817", "8480", "3682", "329", "9709", "6696", "6194", 
"3638", "10730", "5796", "5321", "79170", "4864", "2886", "8243", 
"596", "11319", "7494", "23512", "2852", "847", "3815", "51071", 
"672", "1759", "1021", "79643", "9926", "8318", "5480", "5547", 
"10165", "23029", "6774", "9650", "813", "30001", "1956", "5627", 
"355", "5048", "2887", "54541", "54438", "29083", "5580", "9943", 
"128", "54681", "5997", "5154", "6464", "6050", "2582", "23077", 
"595", "1870", "2185", "23365", "5788", "6850", "148022", "10112", 
"91949", "51635", "9897", "7027", "1062", "1123", "1017", "5873", 
"4780", "57192", "2597", "3337", "7015", "64746", "10797", "2770", 
"55847", "2115", "9267", "3098", "7398", "50813", "57761", "7994", 
"10174", "6597", "9183", "54881", "8914", "25932", "27032", "4794", 
"4172", "2274", "55793", "7466", "5792", "10589", "51031", "9093", 
"23149", "9670", "5971", "1861", "23223", "8202", "57019", "23210", 
"8727", "10489", "54386", "3329", "23463", "10610", "11261", 
"51015", "7852", "2624", "1534", "1958", "6509", "9289", "6390", 
"5721", "10146", "6714", "9455", "9128", "2961", "10494", "10049", 
"3308", "1282", "4651", "5777", "332", "5287", "6772", "2548", 
"5347", "2769", "11344", "5607", "10051", "1277", "3383", "2523", 
"1662", "976", "1029", "8553", "29978", "8520", "6804", "983", 
"3162", "2264", "25874", "11182", "1829", "6832", "9917", "727", 
"8974", "3553", "9019", "10953", "7416", "652", "10059", "9801", 
"79006", "4793", "8569", "22908", "4792", "26511", "2767", "4609", 
"8573", "80212", "10007", "79921", "3611", "2958", "10013", "7153", 
"8204", "2625", "2542", "11232", "4846", "2534", "5743", "5468", 
"4088", "10451", "2745", "6443", "10904", "3486", "4043", "11188", 
"4282", "5715", "207", "22823", "780", "622", "533", "23224", 
"637", "9126", "2896", "1050", "5985", "154", "1385", "8518", 
"4067", "23499", "7982", "51569", "8508", "3251", "3925", "58478", 
"55825", "5290", "2195", "5708", "25803", "8574", "7319", "4144", 
"6603", "6659", "2017", "55818", "375346", "23271", "3156", "3398", 
"23", "2309", "5836", "1666", "8878", "50865", "3303", "26136", 
"51160", "23244", "4312", "9246", "58497", "29916", "10652", 
"25805", "3066", "581", "1978", "54733", "2037", "142", "6251", 
"5289", "8851", "51465", "5498", "5359", "5891", "3033", "2946", 
"9275", "55556", "51466", "51070", "5899", "8321", "55604", "102", 
"5654", "5696", "51097", "3091", "51026", "54807", "4232", "11142", 
"2064", "10775", "1465", "58472", "9688", "6275", "1445", "57178", 
"7376", "3454", "55127", "10857", "5054", "695", "10559", "7866", 
"5355", "55179", "1950", "79143", "9212", "58533", "1738", "1019", 
"29937", "3385", "5440", "10099", "23076", "9181", "5255", "5019", 
"6009", "25825", "6894", "291", "7016", "23321", "348", "6599", 
"9053", "10329", "10153", "2908", "23636", "8396", "9491", "6184", 
"1454", "5710", "51024", "1676", "5889", "51375", "1052", "3895", 
"25976", "79071", "9961", "10038", "26128", "5900", "2131", "9710", 
"39", "80347", "10915", "55958", "9533", "4817", "22809", "6812", 
"10644", "387", "6709", "10972", "23635", "9170", "10285", "3628", 
"5108", "8061", "85236", "81544", "1022", "30836", "4016", "7158", 
"9097", "5927", "10513", "351", "6461", "11072", "2956", "23670", 
"6909", "9813", "8884", "8624", "873", "51422", "8985", "7849", 
"3725", "5423", "2954", "392", "80746", "11137", "7511", "4216", 
"89910", "1647", "9270", "831", "1001", "6839", "8835", "4482", 
"5699", "3978", "481", "11073", "9702", "7874", "3909", "868", 
"5525", "5092", "5898", "5566", "10362", "63933", "26292", "1848", 
"5331", "9124", "10921", "8731", "8870", "56924", "4925", "9653", 
"501", "1213", "1212", "3108", "7905", "200734", "6988", "427", 
"10617", "1633", "2263", "5096", "2048", "5720", "10681", "9134", 
"3964", "5583", "5921", "5110", "10954", "4582", "9988", "5993", 
"5770", "9847", "30849", "10557", "63874", "1027", "1802", "1026", 
"50814", "8270", "7082", "4998", "9641", "57149", "10682", "56940", 
"79961", "5261", "8607", "836", "960", "8324", "5223", "10245", 
"840", "4776", "9517", "9928", "7043", "51056", "8550", "11031", 
"2042", "874", "2920", "11157", "4690", "11151", "7105", "5427", 
"2673", "2356", "9488", "54850", "54442", "79716", "6500", "4775", 
"7538", "11000", "1786", "9697", "1643", "10046", "9448", "9686", 
"8900", "9833", "2778", "7165", "6856", "5236", "91137", "2065", 
"4638", "79187", "6790", "6499", "25793", "4927", "11011", "51116", 
"5373", "60528", "4313", "6810", "29911", "29890", "10273", "23097", 
"79090", "200081", "8349", "5747", "2146", "27109", "9531", "230", 
"3566", "9690", "23200", "9695", "3482", "8800", "2810", "1845", 
"8837", "4783", "23522", "27242", "3551", "6253", "10810", "1846", 
