structure(list(epiDegree = structure(c(0, 0, 1, 1, 0, 0, 3, 2, 
1, 4, 0, 0, 2, 1, 2, 3, 2, 0, 1, 1, 0, 1, 0, 1, 0, 1, 0, 0, 0, 
1, 1, 1, 1, 0, 0, 0, 1, 1, 1, 1, 1, 1, 0, 0, 1, 1, 1, 3, 0, 0, 
1, 1, 1, 0, 1, 0, 1, 3, 0, 1, 2, 3, 2, 1, 1, 0, 1, 0, 1, 2, 2, 
1, 1, 2, 0, 0, 1, 0, 1, 0, 1, 0, 0, 2, 1, 1, 1, 0, 3, 1, 1, 1, 
0, 2, 1, 2, 0, 0, 0, 0), .Names = c("4605", "10525", "55620", 
"23011", "890", "642", "3122", "6944", "6347", "6908", "1153", 
"843", "1906", "3930", "11065", "1070", "10969", "3988", "5925", 
"6622", "6676", "2109", "902", "178", "4791", "23013", "9143", 
"9797", "5867", "9817", "8480", "3682", "329", "9709", "6696", 
"6194", "3638", "10730", "5796", "5321", "79170", "4864", "2886", 
"8243", "596", "11319", "7494", "23512", "2852", "847", "3815", 
"51071", "672", "1759", "1021", "79643", "9926", "8318", "5480", 
"5547", "10165", "23029", "6774", "9650", "813", "30001", "1956", 
"5627", "355", "5048", "2887", "54541", "54438", "29083", "5580", 
"9943", "128", "54681", "5997", "5154", "6464", "6050", "2582", 
"23077", "595", "1870", "2185", "23365", "5788", "6850", "148022", 
"10112", "91949", "51635", "9897", "7027", "1062", "1123", "1017", 
"5873")), stromaDegree = structure(c(0, 0, 1, 1, 0, 0, 1, 1, 
1, 2, 0, 1, 1, 2, 6, 1, 2, 0, 1, 1, 0, 1, 0, 2, 0, 1, 0, 0, 0, 
0, 1, 1, 0, 0, 0, 0, 1, 1, 1, 1, 2, 0, 0, 0, 1, 2, 1, 1, 0, 0, 
1, 1, 1, 0, 3, 0, 1, 4, 2, 1, 3, 1, 0, 1, 2, 0, 0, 0, 2, 1, 1, 
1, 1, 1, 0, 0, 2, 0, 1, 2, 2, 1, 0, 1, 1, 1, 3, 1, 0, 0, 1, 1, 
0, 1, 1, 4, 0, 0, 0, 0), .Names = c("4605", "10525", "55620", 
"23011", "890", "642", "3122", "6944", "6347", "6908", "1153", 
"843", "1906", "3930", "11065", "1070", "10969", "3988", "5925", 
"6622", "6676", "2109", "902", "178", "4791", "23013", "9143", 
"9797", "5867", "9817", "8480", "3682", "329", "9709", "6696", 
"6194", "3638", "10730", "5796", "5321", "79170", "4864", "2886", 
"8243", "596", "11319", "7494", "23512", "2852", "847", "3815", 
"51071", "672", "1759", "1021", "79643", "9926", "8318", "5480", 
"5547", "10165", "23029", "6774", "9650", "813", "30001", "1956", 
"5627", "355", "5048", "2887", "54541", "54438", "29083", "5580", 
"9943", "128", "54681", "5997", "5154", "6464", "6050", "2582", 
"23077", "595", "1870", "2185", "23365", "5788", "6850", "148022", 
"10112", "91949", "51635", "9897", "7027", "1062", "1123", "1017", 
"5873"))), .Names = c("epiDegree", "stromaDegree"))
