structure(list(epiDegree = structure(c(0, 0, 2, 0, 0, 1, 0, 3, 
1, 2, 0, 0, 1, 1, 3, 2, 3, 0, 1, 1, 0, 0, 0, 0, 0, 0, 0, 0, 0, 
0, 1, 0, 0, 0, 0, 0, 1, 1, 2, 0, 1, 0, 0, 0, 1, 1, 0, 1, 0, 0, 
1, 1, 0, 0, 1, 0, 0, 5, 0, 0, 0, 0, 1, 1, 1, 0, 0, 0, 1, 4, 1, 
0, 0, 1, 0, 0, 0, 0, 0, 0, 0, 0, 0, 0, 1, 1, 1, 0, 3, 0, 1, 0, 
0, 1, 1, 2, 0, 0, 0, 0, 0, 0, 1, 0, 2, 0, 1, 0, 1, 2, 5, 0, 1, 
0, 1, 0, 0, 1, 0, 3, 1, 0, 0, 1, 2, 1, 1, 0, 3, 1, 0, 0, 1, 0, 
3, 2, 0, 1, 2, 0, 1, 0, 1, 1, 0, 1, 1, 0, 0, 0, 0, 1, 0, 1, 2, 
1, 0, 0, 0, 0, 0, 0, 0, 1, 0, 0, 0, 1, 0, 3, 1, 0, 0, 0, 0, 1, 
0, 0, 0, 0, 0, 1, 0, 0, 0, 0, 2, 0, 1, 1, 1, 0, 0, 1, 0, 1, 0, 
1, 1, 0, 0, 0, 0, 1, 0, 0, 0, 1, 1, 0, 1, 0, 1, 0, 1, 1, 1, 0, 
4, 0, 1, 1, 0, 0, 0, 0, 0, 0, 1, 0, 0, 0, 0, 0, 0, 0, 3, 0, 0, 
0, 1, 1, 0, 1, 0, 0, 0, 3, 0, 0, 0, 1, 0, 0, 1, 0, 1, 3, 0, 2, 
0, 1, 1, 1, 0, 1, 0, 0, 0, 1, 0, 0, 0, 0, 1, 0, 1, 1, 0, 0, 0, 
1, 0, 1, 0, 1, 0, 0, 0, 0, 1, 3, 11, 1, 1, 0, 0, 1, 0, 1, 0, 
1, 1, 1, 1, 0, 0, 0, 1, 0, 0, 0, 0, 0, 0, 2, 1, 0, 0, 0, 1, 0, 
1, 0, 1, 0, 0, 2, 0, 1, 0, 0, 1, 0, 0, 10, 0, 0, 1, 0, 0, 0, 
0, 0, 0, 6, 2, 1, 1, 0, 0, 0, 0, 0, 0, 1, 1, 1, 1, 0, 0, 0, 0, 
0, 0, 0, 0, 1, 0, 0, 0, 1, 1, 1, 0, 1, 0, 0, 0, 0, 0, 1, 0, 1, 
1, 1, 7, 0, 0, 0, 1, 0, 0, 0, 1, 1, 0, 1, 1, 0, 0, 0, 1, 0, 1, 
0, 1, 0, 0, 0, 0, 0, 0, 1, 0, 1, 3, 0, 0, 0, 1, 1, 1, 0, 1, 1, 
1, 4, 0, 0, 0, 1, 0, 0, 1, 0, 1, 0, 1, 0, 0, 0, 1, 2, 1, 0, 0, 
0, 1, 1, 0, 0, 1, 0, 0, 1, 4, 0, 0, 0, 0, 0, 1, 1, 0, 0, 1, 0, 
0, 0, 0, 0, 0, 0, 0, 0, 1, 0, 1, 0, 0, 0, 0, 0, 0, 2, 0, 1, 0, 
0, 0, 0, 0, 0, 1, 1, 0, 0, 1, 1, 0, 0, 0, 1, 1, 0, 0, 0, 0, 1, 
0, 0, 2, 1, 0, 0, 0, 0, 0, 5, 0, 1, 0, 0, 0, 1, 0, 0, 1, 0, 1, 
0, 0, 0, 0, 0, 0, 0, 0, 0, 3, 0, 2, 0, 0, 0, 0, 0, 1, 0, 0, 2, 
0, 1, 1, 0, 0, 0, 1, 0, 0, 1, 0, 0, 0, 0, 0, 0, 2, 1, 0, 1, 0, 
0, 1, 0, 0, 0, 0, 0, 0, 0, 0, 0, 1, 0, 1, 1, 0, 1, 0, 0, 0, 0, 
0, 0, 1, 0, 1, 1, 1, 0, 0, 0, 1, 0, 1, 0, 0, 0, 1, 0, 0, 0, 1, 
0, 0, 0, 1, 1, 0, 0, 1, 1, 1, 0, 1, 0, 0, 0, 1, 0, 0, 1, 2, 2, 
0, 0, 1, 0, 0, 0, 0, 0, 5, 0, 0, 0, 0, 0, 0, 0, 0, 8, 0, 0, 0, 
0, 0, 0, 0, 0, 0, 1, 0, 1, 0, 1, 1, 0, 0, 0, 1, 0, 0, 0, 0, 0, 
0, 0, 2, 0, 0, 0, 0, 1, 0, 1, 0, 0, 0, 0, 0, 1, 0, 0, 3, 0, 0, 
0, 0, 1, 0, 1, 0, 1, 1, 1, 0, 0, 0, 1, 0, 1, 0, 0, 1, 1, 1, 1, 
0, 0, 0, 0, 0, 1, 0, 0, 0, 0, 0, 0, 0, 1, 0, 0, 0, 0, 0, 1, 0, 
0, 0, 1, 0, 0, 0, 1, 1, 1, 0, 0, 0, 0, 1, 1, 0, 0, 0, 4, 1, 0, 
0, 0, 1, 1, 0, 1, 1, 0, 1, 0, 2, 0, 0, 0, 0, 0, 0, 1, 0, 0, 0, 
0, 2, 0, 0, 0, 0, 0, 0, 1, 0, 0, 0, 0, 0, 0, 0, 1, 0, 0, 0, 0, 
0, 0, 0, 0, 0, 0, 1, 0, 0, 0, 0, 0, 0, 0, 0, 1, 0, 1, 0, 1, 0, 
0, 0, 1, 1, 1, 0, 0, 0, 1, 1, 0, 0, 1, 0, 0, 0, 2, 3, 0, 1, 0, 
0, 0, 0, 0, 0, 1, 0, 1, 0, 0, 0, 0, 0, 1, 0, 1, 0, 1, 0, 0, 1, 
0, 0, 0, 1, 0, 0, 0, 0, 0, 3, 1, 0, 0, 0, 0, 0, 0, 1, 0, 0, 0, 
0, 1, 0, 0, 0, 1, 0, 0, 1, 0, 1, 0, 2, 4, 1, 1, 0, 0, 1, 0, 1, 
0, 0, 0, 0, 0, 1, 0, 0, 0, 0, 0, 0, 0, 0, 0, 0, 1, 0, 0, 2, 0, 
1, 0, 0, 1, 1, 0, 0, 0, 0, 2, 1, 1, 0, 0, 0, 0, 0, 0, 0, 0, 1, 
1, 1, 0, 0, 0, 0, 0, 1, 0, 0, 0, 1, 1, 1, 0, 1, 1, 0, 0, 0, 0, 
0, 2, 1, 1, 0, 0), .Names = c("MYBL2", "HYOU1", "STAP2", "RAB21", 
"CCNA2", "BLMH", "HLA-DRA", "VPS72", "CCL2", "TBP", "CIRBP", 
"CASP10", "EDN1", "LBR", "UBE2C", "CETN3", "EBNA1BP2", "LIPA", 
"RB1", "SNCA", "SPAG4", "ETFB", "CCNH", "AGL", "NFKB2", "SPEN", 
"SYNGR3", "TATDN2", "RAB4A", "KEAP1", "RAE1", "ITGAE", "BIRC2", 
"HERPUD1", "SPP1", "RPS6", "INSIG1", "YME1L1", "PTPRK", "PLA2G4A", 
"PRR15L", "NPC1", "GRB7", "SMC1A", "BCL2", "ECD", "XBP1", "SUZ12", 
"GPER1", "CAT", "KIT", "DERA", "BRCA1", "DNM1", "CDK6", "CHMP6", 
"LPGAT1", "CDC45", "PPIC", "PRCP", "SLC25A13", "RBM34", "STAT3", 
"MTFR1", "CALU", "ERO1L", "EGFR", "PROS1", "FAS", "PAFAH1B1", 
"GRB10", "DDIT4", "GFOD1", "GTPBP8", "PRKCD", "OXSR1", "ADH5", 
"P4HTM", "RGS2", "PDGFA", "SHC1", "RNH1", "GALE", "MYCBP2", "CCND1", 
"E2F2", "PTK2B", "ARHGEF12", "PTPRC", "SYK", "TICAM1", "KIF20A", 
"COG7", "DHRS7", "KIAA0196", "TFDP1", "CENPE", "CHN1", "CDK2", 
"RAB27A", "NFE2L2", "MCOLN1", "GAPDH", "DNAJB1", "TERT", "ACBD3", 
"MTHFD2", "GNAI1", "CISD1", "ETV1", "CYTH1", "HK1", "USP1", "COPS7A", 
"TRIB3", "KAT6A", "SORBS3", "SMARCA4", "ZW10", "TEX10", "TIMELESS", 
"CLIC4", "ATP2C1", "NFKBIE", "MCM3", "FHL2", "FAM63A", "WFS1", 
"PTPRF", "DRAP1", "GLOD4", "DNAJA3", "FCHO1", "IPO13", "RELB", 
"TOR1A", "RRP12", "NCOA3", "CIAPIN1", "JMJD6", "CTNNAL1", "LRRC41", 
"TERF2IP", "HSPD1", "ICMT", "ST6GALNAC2", "CHP1", "ISOC1", "CXCR4", 
"GATA2", "CYB561", "EGR1", "SLC1A4", "GPR56", "SDHB", "PSME2", 
"G3BP1", "SRC", "HOMER2", "PRPF4", "GTF2E2", "STK25", "DNAJB6", 
"HSPA4", "COL4A1", "MYO10", "PTPN6", "BIRC5", "PIK3C2B", "STAT1", 
"GAA", "PLK1", "GNA15", "TWF2", "MAP2K5", "SMC4", "COL1A1", "ICAM1", 
"FUT1", "DDX10", "CD97", "CDKN2A", "BHLHE40", "UBQLN2", "HAT1", 
"STX1A", "CDK1", "HMOX1", "FGFR4", "MPC2", "SLC2A6", "DSG2", 
"SUPV3L1", "FAM20B", "C5", "P4HA2", "IL1B", "MPZL1", "TOMM34", 
"VDAC1", "BMP4", "DNM1L", "MRPL19", "METRN", "NFKBIB", "MKNK1", 
"SACM1L", "NFKBIA", "CHIC2", "GNA11", "MYC", "CASK", "CCDC92", 
"GNPDA1", "TCEAL4", "ILK", "GTF2A2", "HDAC6", "TOP2A", "NRIP1", 
"GATA3", "SLC37A4", "POLG2", "NOS3", "FYN", "PTGS2", "PPARG", 
"SMAD3", "VAV3", "GLRX", "SGCB", "BLCAP", "IGFBP3", "LRPAP1", 
"NISCH", "MIF", "PSMD9", "AKT1", "MTF2", "DDR1", "BDH1", "ATP6V0B", 
"SYNE2", "BID", "SMC3", "GRN", "CEBPA", "RFC5", "ADRB2", "CREB1", 
"IKBKAP", "LYN", "MACF1", "ST7", "UFM1", "NIPSNAP1", "HPRT1", 
"STMN1", "ENOPH1", "PECR", "PIK3CA", "FAT1", "PSMD2", "SPDEF", 
"AKR7A2", "UBE2A", "MAT2A", "SMARCD2", "SOX4", "CTTN", "KDM3A", 
"TMEM110", "CAMSAP2", "HMGCR", "ID2", "ABCF1", "FOXO3", "PYGL", 
"DECR1", "SQSTM1", "HEBP1", "HSPA1A", "TES", "VPS28", "PDS5A", 
"MMP1", "UBE2L6", "PRUNE", "SNX11", "YKT6", "BAMBI", "HDAC2", 
"BAX", "EIF4EBP1", "SLC35F2", "EPB41L2", "PARP1", "RSU1", "PIK3C3", 
"CDK5R1", "UBE2J1", "PPOX", "PLSCR1", "MOK", "HADH", "GSTM2", 
"BCL7B", "ENOSF1", "EVL", "NOSIP", "RALB", "FZD1", "LRRC16A", 
"ADAM10", "HTRA1", "PSMB8", "SCCPDH", "HIF1A", "GOLT1B", "ZNF586", 
"MEST", "PKIG", "ERBB2", "POP4", "CSRP1", "SQRDL", "NUP93", "S100A4", 
"CSK", "ZMIZ1", "NR1H2", "IFNAR1", "HEATR1", "PGRMC1", "SERPINE1", 
"BTK", "SLC35A1", "IFRD2", "PLP2", "FAIM", "EGF", "MBOAT7", "AURKB", 
"SNX6", "DLD", "CDK4", "NENF", "ICAM3", "POLR2K", "TSPAN3", "RRP1B", 
"ARHGEF2", "PHKA1", "OXCT1", "RHEB", "BACE2", "TARBP1", "SLC25A4", 
"TESK1", "TRIM2", "APOE", "SMARCC1", "MAP7", "TMEM5", "CEBPZ", 
"NR3C1", "NUP62", "PIP4K2B", "PSMF1", "RPN1", "CSNK1E", "PSMD4", 
"FIS1", "DFFA", "RAD51C", "SNX7", "CEBPD", "KTN1", "TIPARP", 
"ELOVL6", "MVP", "PARP2", "KIAA1279", "RALGDS", "EXT1", "KIAA0355", 
"ACAT2", "COASY", "TCERG1", "KLHL9", "POLR1C", "NIT1", "ATF5", 
"STXBP1", "IGF2BP2", "RHOA", "SPTAN1", "TMED10", "SSBP2", "LPAR2", 
"SMNDC1", "INPP1", "PCM1", "FOSL1", "HIST1H2BK", "GDPD5", "CDK7", 
"DNTTIP2", "LOXL1", "TP53BP1", "USP14", "KDM5A", "APPBP2", "APP", 
"SHB", "DUSP14", "MSH6", "TMEM2", "TBX2", "EFCAB14", "SLC5A6", 
"PSMG1", "CBR1", "PRKAG2", "PLOD3", "PAX8", "JUN", "POLB", "GSTZ1", 
"ARHGAP1", "TSEN2", "PWP1", "XPNPEP1", "MAP3K4", "UBE3B", "GADD45A", 
"ITGB1BP1", "CAST", "CDH3", "SUV39H1", "SOCS2", "MSRA", "PSMB10", 
"LIG1", "ATP1B1", "TOPBP1", "CEP57", "USP7", "LAMA3", "CBLB", 
"PPP2R5A", "PCBD1", "RALA", "PRKACA", "HMG20B", "MCUR1", "MYCBP", 
"DUSP6", "PLCB3", "PDLIM1", "RNPS1", "RNMT", "IER3", "PAK6", 
"NUCB2", "HS2ST1", "ALDH7A1", "CLTC", "CLTB", "HLA-DMA", "REEP5", 
"SPRED2", "TCTA", "ASAH1", "STAMBP", "DCK", "FGFR2", "PCCB", 
"EPHB2", "PSME1", "GNB5", "CCNE2", "LGALS8", "PRKCH", "RASA1", 
"PCMT1", "PDIA5", "MUC1", "DMTF1", "RFX5", "PTPN1", "C2CD5", 
"PIK3R4", "RPP38", "ABHD4", "CDKN1B", "DPH2", "CDKN1A", "NSDHL", 
"LAGE3", "TJP1", "ORC1", "IKBKE", "LYRM1", "EBP", "DUSP22", "DENND2D", 
"PHKG2", "RUVBL1", "CASP3", "CD44", "FZD7", "PGAM1", "TIMM17B", 
"CASP7", "NFATC4", "SPTLC2", "KIF14", "TGFB3", "LAP3", "MAPKAPK5", 
"RAB31", "EPHA3", "CBR3", "CXCL2", "LSM6", "NCK1", "CORO1A", 
"TSPAN6", "POLE2", "GFPT1", "FPGS", "PIGB", "FBXL12", "KCTD5", 
