structure(c(0.61093494332163, 0, 0, 0, 0, 0, 0, 0.494382885268001, 
0.502019522961177, 0.526497569127855, 0.79492558826959, 0, 0, 
0.528938273805189, 0, 0.75615531552754, 0, 0, 0, 0.637917330536305, 
0, 0, 0, -0.501565363516213), .Dim = c(6L, 4L), .Dimnames = list(
    c("STAP2", "TBP", "CDC45", "EBNA1BP2", "UBE2C", "EDN1"), 
    c("STAP2", "UBE2C", "EBNA1BP2", "TBP")))
