structure(c(0.61093494332163, 0, 0, 0, 0, 0, -0.471620299522801, 
0.641944280195216, 0, 0, 0, 0.473495489137195, 0, 0, 0, 0, 0.554211496514282, 
0, 0.566037824307915, 0.658324255559367), .Dim = c(5L, 4L), .Dimnames = list(
    c("STAP2-E", "HLA-DRA-E", "CALU-E", "PTPRC-E", "PTK2B-E"), 
    c("STAP2-S", "CALU-S", "HLA-DRA-S", "PTK2B-S")))
