structure(c(0.473495489137195, 0, 0, 0, 0, 0, 0, 0.554211496514282, 
0, 0.566037824307915, 0.658324255559367, 0, 0, 0, 0, 0.52184828515045, 
0, 0, 0.514385515947977, 0.830368455826466, 0, 0, 0.538715986163254, 
0, 0, 0.465765752496643, 0, 0.485074054527072), .Dim = c(7L, 
4L), .Dimnames = list(c("HLA-DRA", "SLC25A13", "PTPRC", "PTK2B", 
"CETN3", "CDK6", "CDC45"), c("HLA-DRA", "PTK2B", "CDK6", "SLC25A13"
)))
