structure(c(0.640621755099745, 0.640635048842157, 0.714919524018215, 
0.652867794350007, 0, 0, 0.729949670178077, 0, 0, 0, 0.619723166804475, 
0.601231717703235, 0, 0.629614550856246, 0, 0.616152494889142, 
0, 0.537942592381899), .Dim = c(3L, 6L), .Dimnames = list(c("CDK4-E", 
"DNMT1-E", "MCM3-E"), c("MCM3-S", "HSD17B10-S", "CDK4-S", "GMNN-S", 
"PCNA-S", "TOMM34-S")))
