structure(c(-0.578795004533051, -0.52680776757784, 0.560557496007436, 
0.67347186618618, 0.61093494332163, 0, 0, 0), .Dim = c(4L, 2L
), .Dimnames = list(c("STAP2-E", "XPO7-E", "BAX-E", "METRN-E"
), c("METRN-S", "STAP2-S")))
