structure(c(0.658816889626509, -0.479567886747035), .Dim = c(2L, 
1L), .Dimnames = list(c("ECD", "GTPBP8"), "ECD"))
